     1        0   129600   0.000
     2    19912   129600   0.010
     3    39823   129600   0.020
     4    59734   129600   0.030
     5    79645   129600   0.040
     6    99556   130964   0.050
     7   119467   130964   0.060
     8   139378   130964   0.070
     9   159289   130964   0.080
    10   179200   133238   0.090
    11   199111   133238   0.100
    12   219022   133238   0.110
    13   238933   133238   0.120
    14   258844   133238   0.130
    15   278755   135766   0.140
    16   298666   135766   0.150
    17   318577   135766   0.160
    18   338488   135766   0.170
    19   358399   138323   0.180
    20   378310   138323   0.190
    21   398221   138323   0.200
    22   418132   138323   0.210
    23   438043   140989   0.220
    24   457954   140989   0.230
    25   477865   140989   0.240
    26   497776   140989   0.250
    27   517687   140989   0.260
    28   537598   143748   0.270
    29   557509   143748   0.280
    30   577420   143748   0.290
    31   597331   143748   0.300
    32   617242   146564   0.310
    33   637153   146564   0.320
    34   657064   146564   0.330
    35   676975   146564   0.340
    36   696886   149394   0.350
    37   716797   149394   0.360
    38   736708   149394   0.370
    39   756619   149394   0.380
    40   776530   149394   0.390
    41   796441   152225   0.400
    42   816352   152225   0.410
    43   836263   152225   0.420
    44   856174   152225   0.430
    45   876085   155148   0.440
    46   895996   155148   0.450
    47   915907   155148   0.460
    48   935818   155148   0.470
    49   955729   155148   0.480
    50   975640   158028   0.490
    51   995551   158028   0.500
    52  1015462   158028   0.510
    53  1035373   158028   0.520
    54  1055284   160984   0.530
    55  1075195   160984   0.540
    56  1095106   160984   0.550
    57  1115017   160984   0.560
    58  1134928   163925   0.570
    59  1154839   163925   0.580
    60  1174750   163925   0.590
    61  1194661   163925   0.600
    62  1214572   163925   0.610
    63  1234483   166937   0.620
    64  1254394   166937   0.630
    65  1274305   166937   0.640
    66  1294216   166937   0.650
    67  1314127   169868   0.660
    68  1334038   169868   0.670
    69  1353949   169868   0.680
    70  1373860   169868   0.690
    71  1393771   172969   0.700
    72  1413682   172969   0.710
    73  1433593   172969   0.720
    74  1453504   172969   0.730
    75  1473415   172969   0.740
    76  1493326   176052   0.750
    77  1513237   176052   0.760
    78  1533148   176052   0.770
    79  1553059   176052   0.780
    80  1572970   179168   0.790
    81  1592881   179168   0.800
    82  1612792   179168   0.810
    83  1632703   179168   0.820
    84  1652614   179168   0.830
    85  1672525   182188   0.840
    86  1692436   182188   0.850
    87  1712347   182188   0.860
    88  1732258   182188   0.870
    89  1752169   185422   0.880
    90  1772080   185422   0.890
    91  1791991   185422   0.900
    92  1811902   185422   0.910
    93  1831813   188555   0.920
    94  1851724   188555   0.930
    95  1871635   188555   0.940
    96  1891546   188555   0.950
    97  1911457   188555   0.960
    98  1931368   191788   0.970
    99  1951279   191788   0.980
   100  1971190   191788   0.990
   101  1991101   191788   1.000
   102  2011012   195009   1.010
   103  2030923   195009   1.020
   104  2050834   195009   1.030
   105  2070745   195009   1.040
   106  2090656   198388   1.050
   107  2110567   198388   1.060
   108  2130478   198388   1.070
   109  2150389   198388   1.080
   110  2170300   198388   1.090
   111  2190211   201647   1.100
   112  2210122   201647   1.110
   113  2230033   201647   1.120
   114  2249944   201647   1.130
   115  2269855   205090   1.140
   116  2289766   205090   1.150
   117  2309677   205090   1.160
   118  2329588   205090   1.170
   119  2349499   205090   1.180
   120  2369410   208392   1.190
   121  2389321   208392   1.200
   122  2409232   208392   1.210
   123  2429143   208392   1.220
   124  2449054   211726   1.230
   125  2468965   211726   1.240
   126  2488876   211726   1.250
   127  2508787   211726   1.260
   128  2528698   215049   1.270
   129  2548609   215049   1.280
   130  2568520   215049   1.290
   131  2588431   215049   1.300
   132  2608342   215049   1.310
   133  2628253   218537   1.320
   134  2648164   218537   1.330
   135  2668075   218537   1.340
   136  2687986   218537   1.350
   137  2707897   221826   1.360
   138  2727808   221826   1.370
   139  2747719   221826   1.380
   140  2767630   221826   1.390
   141  2787541   225310   1.400
   142  2807452   225310   1.410
   143  2827363   225310   1.420
   144  2847274   225310   1.430
   145  2867185   225310   1.440
   146  2887096   228596   1.450
   147  2907007   228596   1.460
   148  2926918   228596   1.470
   149  2946829   228596   1.480
   150  2966740   231983   1.490
   151  2986651   231983   1.500
   152  3006562   231983   1.510
   153  3026473   231983   1.520
   154  3046384   231983   1.530
   155  3066295   235213   1.540
   156  3086206   235213   1.550
   157  3106117   235213   1.560
   158  3126028   235213   1.570
   159  3145939   238810   1.580
   160  3165850   238810   1.590
   161  3185761   238810   1.600
   162  3205672   238810   1.610
   163  3225583   242104   1.620
   164  3245494   242104   1.630
   165  3265405   242104   1.640
   166  3285316   242104   1.650
   167  3305227   242104   1.660
   168  3325138   245598   1.670
   169  3345049   245598   1.680
   170  3364960   245598   1.690
   171  3384871   245598   1.700
   172  3404782   248843   1.710
   173  3424693   248843   1.720
   174  3444604   248843   1.730
   175  3464515   248843   1.740
   176  3484426   252235   1.750
   177  3504337   252235   1.760
   178  3524248   252235   1.770
   179  3544159   252235   1.780
   180  3564070   252235   1.790
   181  3583981   255550   1.800
   182  3603892   255550   1.810
   183  3623803   255550   1.820
   184  3643714   255550   1.830
   185  3663625   259026   1.840
   186  3683536   259026   1.850
   187  3703447   259026   1.860
   188  3723358   259026   1.870
   189  3743269   259026   1.880
   190  3763180   262297   1.890
   191  3783091   262297   1.900
   192  3803002   262297   1.910
   193  3822913   262297   1.920
   194  3842824   265769   1.930
   195  3862735   265769   1.940
   196  3882646   265769   1.950
   197  3902557   265769   1.960
   198  3922468   268991   1.970
   199  3942379   268991   1.980
   200  3962290   268991   1.990
   201  3982201   268991   2.000
   202  4002112   268991   2.010
   203  4022023   272337   2.020
   204  4041934   272337   2.030
   205  4061845   272337   2.040
   206  4081756   272337   2.050
   207  4101667   275560   2.060
   208  4121578   275560   2.070
   209  4141489   275560   2.080
   210  4161400   275560   2.090
   211  4181311   279078   2.100
   212  4201222   279078   2.110
   213  4221133   279078   2.120
   214  4241044   279078   2.130
   215  4260955   279078   2.140
   216  4280866   282324   2.150
   217  4300777   282324   2.160
   218  4320688   282324   2.170
   219  4340599   282324   2.180
   220  4360510   285799   2.190
   221  4380421   285799   2.200
